[ 1.71883487  2.01698512 17.68013376]
[ 2.02341378  2.94386966 15.68758588]
[ 2.65425114  4.28608753 14.12146567]
[ 3.69726554  6.29162463 13.13947626]
[ 5.31120881  9.2382271  13.12977798]
[ 7.67514427 13.21816739 14.90940697]
[10.77729504 17.42376049 19.75456689]
[13.8890612  19.03556629 28.15176826]
[15.19339994 14.67595675 36.62461339]
[13.26449791  6.51625513 39.25823878]
[ 9.22343582  0.64546622 36.12479179]
[ 5.30117492 -1.47309102 31.41913268]
[ 2.56000341 -1.67719823 27.20430299]
[ 0.94835314 -1.40503044 23.68687128]
[ 0.06905189 -1.21551025 20.70196467]
[-0.43542463 -1.24761765 18.12968373]
[-0.80598774 -1.52647503 15.90728389]
[-1.19920405 -2.09098504 14.00617903]
[-1.73765785 -3.04269583 12.43300194]
[-2.5539412  -4.5725358  11.26051224]
[-3.82579269 -6.97544624 10.71109652]
[ -5.79153279 -10.5914205   11.34357165]
