[ 1.71884664  2.0170043  17.6801293 ]
[ 2.02342985  2.94389582 15.68758554]
[ 2.6542733   4.28612428 14.12147201]
[ 3.69729648  6.29167628 13.1394949 ]
[ 5.31125167  9.2382965  13.12982051]
[ 7.67520042 13.2182475  14.90949362]
[10.7773571  17.42381512 19.75471721]
[13.88910212 19.03552457 28.15195255]
[15.19338287 14.67580573 36.62471472]
[13.26442609  6.51611594 39.25819935]
[ 9.22335595  0.64541417 36.12469405]
[ 5.30111955 -1.47308679 31.41904182]
[ 2.5599762  -1.67717584 27.20422919]
[ 0.94834624 -1.40500537 23.68680976]
[ 0.06905758 -1.21548495 20.70191137]
[-0.43541078 -1.24758977 18.12963624]
[-0.80596711 -1.52644055 15.9072403 ]
[-1.19917565 -2.0909387  14.00613692]
[-1.73761862 -3.04263051 12.43295724]
[-2.55388594 -4.57244174 11.2604568 ]
[-3.82571395 -6.97531192 10.71101298]
